8444
7247
7080
7238
6953
6951
6971
7539
7053
7285
7000
6859
7056
7032
7011
7262
7207
7304
7229
8005
6962
7040
6973
7281
7035
6992
7173
6982
7061
6945
6995
7060
6755
7333
6769
6901
6879
6676
6581
7103
7116
6809
7061
6944
6748
7030
6710
6766
7133
6897
6504
6893
6862
6836
7062
6575
6766
7056
7149
6919
6719
6679
7002
6795
7082
6756
6726
6897
7006
6690
6823
6790
6981
7080
6954
6843
7107
6941
6906
6758
6841
6906
6755
6888
7021
6630
6811
6725
6675
6756
6732
6714
7084
6833
6736
7185
6969
6539
6730
6860
6912
6856
6866
6887
6796
7020
7189
6902
6856
6836
7126
6847
7196
6946
6754
6790
6733
7168
6823
7133
6815
6756
7132
7011
6637
7683
6884
6750
7174
6640
6868
6812
6809
7070
6868
7152
7066
7483
7244
6991
6598
7201
6777
7850
7051
7113
7060
7111
6901
7505
6654
7165
6760
7232
7247
7260
7012
7086
7315
7198
7549
7249
7316
6978
7187
7346
6984
7743
6995
7281
6991
7004
6950
7002
7028
7061
6957
7245
7063
6947
7939
6956
7206
